901133
901135
901134
901137
901136
901138
901164
901166
131140
901195
901226
901243
901322
901343
901368
901371
901365
901361
901390
901406
901419
901443
901485
115046
115080
901548
901545
115150
115156
901607
770575
901663
115218
901690
901738
901749
901850
901885
901887
770838
770859
770876
901940
770892
132014
132018
132016
132046
902106
902138
771124
902226
902271
902341
902340
902342
902339
902365
902366
902389
902437
116077
902518
902530
902544
149070
902781
902779
902778
99999
902818
902834
902855
100065
100064
100068
100071
100072
902883
902907
902947
902960
100156
100158
902986
902996
903047
133026
772100
903229
903223
903233
903234
903262
903257
903256
903258
903255
903277
903279
903285
903312
903349
903348
903345
903375
903405
903422
903417
903415
903409
903408
903411
903410
903437
903436
903439
903438
903435
903434
903426
903444
903441
903443
903442
903467
772408
903492
903511
772438
903525
903524
903555
903554
903594
772539
903616
903646
903663
772590
903678
903673
150018
150020
150052
903759
903755
903763
903762
101004
101014
903849
101031
101032
903900
101080
903909
903935
903943
101130
903937
903965
903964
101150
101157
101160
903970
903984
904006
904001
904016
904047
904053
904050
134018
134022
134020
904089
904108
134054
773044
904137
904136
904139
904166
904222
773136
904209
904208
904232
904229
904228
904231
904230
904280
904276
904351
904367
904352
904380
904382
904377
904376
904378
904373
904372
904375
904374
904369
904368
904398
904422
904469
904464
904515
904623
904658
904768
904790
904810
904803
904831
151176
904879
102070
904911
102109
102108
773864
184040
905016
905009
905010
102210
102214
905028
102218
773980
905068
905060
905057
905059
102254
905058
102270
774004
774025
905098
102284
905184
905208
905206
905279
905281
905280
905282
774236
905355
905354
905407
905402
905414
905424
905442
905461
905462
905519
905531
905527
774492
905614
905628
905630
905685
774642
905754
905745
905761
905803
905798
905816
905824
905854
905847
905841
905868
103062
103101
905922
103118
905945
905943
103136
103164
905999
103172
103174
906012
906008
906072
906083
906291
906374
906407
120040
120126
906575
153005
153025
153072
153114
153120
906878
137068
907247
121016
121023
121022
121028
121034
121053
121054
121060
121142
121146
121160
121169
154005
907683
907708
105116
105230
138098
105424
105508
105510
122016
122018
122020
122022
122024
122026
122038
122046
122058
122068
122070
122078
122102
122112
122117
122116
122118
122122
122130
122160
122194
122196
122198
122200
122208
122210
122212
122226
122234
122246
122248
122258
122262
777618
777620
122347
122368
122404
122406
122414
139034
139036
106314
106348
123030
123034
123066
123070
123160
107252
140062
140060
107298
140096
140100
140122
124010
124056
124072
124092
779802
779800
779806
779805
108054
108056
108058
108060
108062
190006
190018
190056
125036
125100
125124
125130
125132
125208
125210
125212
125224
125226
125230
125232
158010
158026
158028
158062
158060
158066
158076
158086
158090
158088
158094
158092
158096
158100
109024
109026
191075
158323
158370
158368
158373
158376
158380
126072
126076
126090
126136
159300
159370
176074
176072
176092
176102
176122
127014
176170
127048
127060
127062
127066
127070
144050
128005
128180
128182
128194
210123
210150
210386
210487
210486
145020
210575
210624
210711
210715
210714
210713
210712
210718
210717
210716
210723
210722
210727
210726
210725
210724
210731
210728
210734
210733
210732
145283
210864
210895
210931
210933
210932
129104
211066
211100
129184
129188
129216
211151
211219
211218
211250
113031
113030
113038
113042
113046
211353
113066
113074
113077
113076
113082
211391
113106
113110
113118
211437
211445
113146
211470
211468
211475
211473
211472
113180
211486
211496
211536
146018
146026
211562
146028
211571
211597
211609
211614
211621
211642
211660
211668
211696
211721
211728
211738
211737
146258
146264
146272
146276
211883
146348
900020
900023
900047
146372
900034
146386
900049
211937
211943
211946
211961
211966
211977
211982
900112
900141
900140
900143
900132
900152
900154
900148
900173
900172
212033
900180
212058
900176
900195
900210
900249
900250
900240
900273
900331
900351
900350
900344
900337
900336
900360
900381
900373
900374
900371
900370
900398
900391
900414
900408
900438
212331
900450
900514
114098
900634
212523
212526
212525
212524
212539
900663
212547
212546
212545
900681
212550
212549
900683
212548
900676
900679
212559
212558
212557
900675
212556
212562
212561
212560
900697
212570
212568
900714
212599
212635
212633
212632
900773
900772
900775
900771
900770
900813
900815
900811
900841
900837
900860
212727
212729
900855
900873
212753
900888
900886
212765
900899
900918
212797
212796
900932
212818
212824
212832
900964
900960
212865
901002
901022
212893
212897
212900
901049
901048
901051
212917
901050
901046
901062
770009
901087
901086
770008
901088
770046
